MRR: 0.220566168919
MRR: 0.329438205585
MRR: 0.271247918748
